Prior[GODD]=0.14434860740740874
Prior[GDEF]=0.18473566296296604
Prior[GENT]=0.6709155148148084
