Prior[GENV]=0.21043275027808317
Prior[GWEA]=0.29479962458286746
Prior[GDIS]=0.49476740266964087
